-4.410657267851107732e-02 1.400000000000000000e+01
-2.277474596622016192e-02 0.000000000000000000e+00
-1.442919253929253465e-03 0.000000000000000000e+00
1.988890745836165846e-02 4.500000000000000000e+01
4.122073417065257733e-02 1.140000000000000000e+02
6.255256088294347538e-02 2.170000000000000000e+02
8.388438759523438037e-02 3.330000000000000000e+02
1.052162143075252992e-01 3.580000000000000000e+02
1.265480410198162042e-01 3.110000000000000000e+02
1.478798677321071509e-01 2.060000000000000000e+02
1.692116944443980420e-01 4.100000000000000000e+02
1.905435211566889331e-01 3.260000000000000000e+02
2.118753478689798520e-01 2.670000000000000000e+02
2.332071745812707708e-01 2.050000000000000000e+02
2.545390012935617174e-01 2.490000000000000000e+02
2.758708280058526086e-01 2.310000000000000000e+02
2.972026547181435552e-01 2.500000000000000000e+02
3.185344814304344463e-01 3.670000000000000000e+02
3.398663081427253374e-01 5.420000000000000000e+02
3.611981348550162840e-01 4.790000000000000000e+02
3.825299615673072307e-01 3.300000000000000000e+02
4.038617882795980663e-01 3.900000000000000000e+02
4.251936149918890129e-01 3.980000000000000000e+02
4.465254417041799040e-01 3.660000000000000000e+02
4.678572684164707951e-01 4.030000000000000000e+02
4.891890951287617417e-01 4.010000000000000000e+02
5.105209218410526884e-01 4.150000000000000000e+02
5.318527485533435240e-01 5.220000000000000000e+02
5.531845752656343596e-01 4.390000000000000000e+02
5.745164019779254172e-01 5.020000000000000000e+02
5.958482286902162528e-01 6.050000000000000000e+02
6.171800554025070884e-01 5.450000000000000000e+02
6.385118821147981460e-01 6.340000000000000000e+02
6.598437088270889816e-01 6.890000000000000000e+02
6.811755355393798173e-01 7.660000000000000000e+02
7.025073622516708749e-01 6.160000000000000000e+02
7.238391889639617105e-01 7.670000000000000000e+02
7.451710156762525461e-01 8.510000000000000000e+02
7.665028423885436037e-01 7.930000000000000000e+02
7.878346691008344393e-01 7.020000000000000000e+02
8.091664958131253860e-01 8.560000000000000000e+02
8.304983225254163326e-01 7.950000000000000000e+02
8.518301492377071682e-01 7.100000000000000000e+02
8.731619759499981148e-01 7.300000000000000000e+02
8.944938026622890614e-01 5.850000000000000000e+02
9.158256293745798970e-01 4.860000000000000000e+02
9.371574560868708437e-01 4.470000000000000000e+02
9.584892827991616793e-01 6.070000000000000000e+02
9.798211095114526259e-01 5.110000000000000000e+02
1.001152936223743684e+00 3.700000000000000000e+02
1.022484762936034519e+00 4.450000000000000000e+02
1.043816589648325355e+00 3.210000000000000000e+02
1.065148416360616412e+00 6.210000000000000000e+02
1.086480243072907248e+00 5.160000000000000000e+02
1.107812069785198084e+00 4.650000000000000000e+02
1.129143896497489141e+00 3.810000000000000000e+02
1.150475723209779977e+00 3.820000000000000000e+02
1.171807549922070812e+00 4.870000000000000000e+02
1.193139376634361870e+00 3.520000000000000000e+02
1.214471203346652706e+00 3.850000000000000000e+02
1.235803030058943541e+00 4.190000000000000000e+02
1.257134856771234599e+00 3.870000000000000000e+02
1.278466683483525435e+00 4.760000000000000000e+02
1.299798510195816270e+00 5.160000000000000000e+02
1.321130336908107328e+00 5.010000000000000000e+02
1.342462163620398163e+00 4.660000000000000000e+02
1.363793990332688999e+00 3.840000000000000000e+02
1.385125817044980057e+00 3.990000000000000000e+02
1.406457643757270892e+00 4.170000000000000000e+02
1.427789470469561728e+00 4.580000000000000000e+02
1.449121297181852785e+00 5.060000000000000000e+02
1.470453123894143621e+00 3.710000000000000000e+02
1.491784950606434457e+00 5.310000000000000000e+02
1.513116777318725514e+00 4.250000000000000000e+02
1.534448604031016350e+00 5.160000000000000000e+02
1.555780430743307186e+00 4.340000000000000000e+02
1.577112257455598243e+00 4.130000000000000000e+02
1.598444084167889079e+00 7.410000000000000000e+02
1.619775910880179914e+00 4.100000000000000000e+02
1.641107737592470972e+00 3.740000000000000000e+02
1.662439564304762030e+00 5.020000000000000000e+02
1.683771391017052643e+00 4.120000000000000000e+02
1.705103217729343701e+00 3.370000000000000000e+02
1.726435044441634759e+00 3.720000000000000000e+02
1.747766871153925372e+00 2.490000000000000000e+02
1.769098697866216430e+00 3.180000000000000000e+02
1.790430524578507487e+00 3.790000000000000000e+02
1.811762351290798101e+00 3.090000000000000000e+02
1.833094178003089159e+00 2.430000000000000000e+02
1.854426004715380216e+00 2.500000000000000000e+02
1.875757831427670830e+00 3.520000000000000000e+02
1.897089658139961887e+00 3.420000000000000000e+02
1.918421484852252945e+00 1.730000000000000000e+02
1.939753311564543559e+00 1.310000000000000000e+02
1.961085138276834616e+00 8.800000000000000000e+01
1.982416964989125452e+00 1.030000000000000000e+02
2.003748791701416287e+00 5.100000000000000000e+01
2.025080618413707789e+00 2.600000000000000000e+01
2.046412445125998403e+00 5.100000000000000000e+01
2.067744271838289460e+00 1.300000000000000000e+01
